{
 "cells": [
  {
   "cell_type": "code",
   "execution_count": null,
   "id": "995bd636",
   "metadata": {},
   "outputs": [
    {
     "name": "stdout",
     "output_type": "stream",
     "text": [
      "apex is not installed\n",
      "apex is not installed\n",
      "apex is not installed\n"
     ]
    },
    {
     "name": "stderr",
     "output_type": "stream",
     "text": [
      "/home/epikskool/miniconda3/envs/detr/lib/python3.9/site-packages/mmcv/cnn/bricks/transformer.py:27: UserWarning: Fail to import ``MultiScaleDeformableAttention`` from ``mmcv.ops.multi_scale_deform_attn``, You should install ``mmcv-full`` if you need this module. \n",
      "  warnings.warn('Fail to import ``MultiScaleDeformableAttention`` from '\n",
      "\u001b[32m2025-04-21 15:14:25.546\u001b[0m | \u001b[1mINFO    \u001b[0m | \u001b[36mlib.models\u001b[0m:\u001b[36mbuild_network\u001b[0m:\u001b[36m36\u001b[0m - \u001b[1m=> loaded checkpoint 'checkpoints/wham_vit_bedlam_w_3dpw.pth.tar' \u001b[0m\n"
     ]
    },
    {
     "name": "stdout",
     "output_type": "stream",
     "text": [
      "Use load_from_local loader\n",
      "Load backbone weight: /home/epikskool/workspace/workdir/WHAM/checkpoints/hmr2a.ckpt\n"
     ]
    },
    {
     "name": "stdout",
     "output_type": "stream",
     "text": [
      "SMPL Parameters:\n"
     ]
    }
   ],
   "source": [
    "from wham_api import WHAM_API\n",
    "wham_model = WHAM_API()"
   ]
  },
  {
   "cell_type": "code",
   "execution_count": 2,
   "id": "ec933f24",
   "metadata": {},
   "outputs": [
    {
     "name": "stderr",
     "output_type": "stream",
     "text": [
      "/home/epikskool/workspace/workdir/WHAM/lib/models/preproc/backbone/smpl_head.py:25: UserWarning: Using torch.cross without specifying the dim arg is deprecated.\n",
      "Please either pass the dim explicitly or simply use torch.linalg.cross.\n",
      "The default value of dim will change to agree with that of linalg.cross in a future release. (Triggered internally at /opt/conda/conda-bld/pytorch_1716905969824/work/aten/src/ATen/native/Cross.cpp:62.)\n",
      "  b3 = torch.cross(b1, b2)\n"
     ]
    }
   ],
   "source": [
    "input_video_path = 'tiktok_video.mp4'\n",
    "results, tracking_results, slam_results = wham_model(input_video_path)"
   ]
  },
  {
   "cell_type": "code",
   "execution_count": 8,
   "id": "a6c33147",
   "metadata": {},
   "outputs": [
    {
     "data": {
      "text/plain": [
       "defaultdict(dict,\n",
       "            {0: {'poses_body': array([[[[    0.99732,     0.07067,   -0.018991],\n",
       "                       [   -0.07056,     0.99749,   0.0063937],\n",
       "                       [   0.019395,  -0.0050366,      0.9998]],\n",
       "              \n",
       "                      [[    0.99647,   -0.083696,  -0.0067262],\n",
       "                       [   0.083916,     0.98992,     0.11408],\n",
       "                       [ -0.0028901,    -0.11425,     0.99345]],\n",
       "              \n",
       "                      [[    0.99963,  -0.0049711,    -0.02688],\n",
       "                       [  0.0018584,     0.99341,    -0.11461],\n",
       "                       [   0.027273,     0.11451,     0.99305]],\n",
       "              \n",
       "                      ...,\n",
       "              \n",
       "                      [[    0.97627,     0.16859,     0.13595],\n",
       "                       [   -0.19345,     0.96104,     0.19744],\n",
       "                       [  -0.097365,    -0.21905,     0.97084]],\n",
       "              \n",
       "                      [[    0.99088,     0.12961,   -0.036735],\n",
       "                       [   -0.12559,      0.9874,    0.096279],\n",
       "                       [   0.048751,   -0.090788,     0.99468]],\n",
       "              \n",
       "                      [[    0.98863,    -0.14091,    0.052496],\n",
       "                       [    0.14113,     0.98999, -0.00039458],\n",
       "                       [  -0.051915,   0.0077988,     0.99862]]],\n",
       "              \n",
       "              \n",
       "                     [[[    0.99686,    0.073027,    -0.03074],\n",
       "                       [  -0.073611,     0.99712,   -0.018313],\n",
       "                       [   0.029314,    0.020519,     0.99936]],\n",
       "              \n",
       "                      [[    0.99645,   -0.084186,  -0.0018584],\n",
       "                       [   0.083886,      0.9905,     0.10901],\n",
       "                       [  -0.007336,    -0.10877,     0.99404]],\n",
       "              \n",
       "                      [[    0.99927,   -0.017245,    -0.03395],\n",
       "                       [   0.012653,     0.99129,    -0.13111],\n",
       "                       [   0.035915,     0.13059,     0.99079]],\n",
       "              \n",
       "                      ...,\n",
       "              \n",
       "                      [[    0.96978,     0.20421,     0.13349],\n",
       "                       [   -0.22433,     0.96147,     0.15889],\n",
       "                       [  -0.095898,    -0.18403,     0.97823]],\n",
       "              \n",
       "                      [[    0.99474,    0.089745,   -0.049417],\n",
       "                       [  -0.087009,     0.99469,    0.054991],\n",
       "                       [   0.054089,   -0.050402,     0.99726]],\n",
       "              \n",
       "                      [[    0.99097,    -0.11734,    0.064925],\n",
       "                       [    0.11879,     0.99274,   -0.018935],\n",
       "                       [  -0.062232,    0.026476,     0.99771]]],\n",
       "              \n",
       "              \n",
       "                     [[[    0.99693,    0.071729,    -0.03152],\n",
       "                       [  -0.072258,     0.99726,   -0.015956],\n",
       "                       [   0.030289,    0.018184,     0.99938]],\n",
       "              \n",
       "                      [[    0.99631,   -0.085635,  -0.0058762],\n",
       "                       [   0.085796,     0.99139,    0.098879],\n",
       "                       [  -0.002642,   -0.099019,     0.99508]],\n",
       "              \n",
       "                      [[    0.99925,   -0.025819,   -0.028716],\n",
       "                       [   0.022084,     0.99209,    -0.12354],\n",
       "                       [   0.031679,     0.12282,     0.99192]],\n",
       "              \n",
       "                      ...,\n",
       "              \n",
       "                      [[    0.96945,     0.20598,     0.13318],\n",
       "                       [    -0.2265,     0.96014,      0.1638],\n",
       "                       [  -0.094133,    -0.18896,     0.97746]],\n",
       "              \n",
       "                      [[    0.99429,    0.096187,   -0.046112],\n",
       "                       [  -0.093337,      0.9938,    0.060419],\n",
       "                       [   0.051638,   -0.055771,     0.99711]],\n",
       "              \n",
       "                      [[    0.99174,    -0.11394,    0.058873],\n",
       "                       [    0.11482,     0.99332,   -0.011724],\n",
       "                       [  -0.057144,    0.018387,      0.9982]]],\n",
       "              \n",
       "              \n",
       "                     ...,\n",
       "              \n",
       "              \n",
       "                     [[[    0.98798,   -0.027523,    -0.15212],\n",
       "                       [   0.050584,     0.98741,     0.14987],\n",
       "                       [    0.14608,    -0.15577,     0.97693]],\n",
       "              \n",
       "                      [[    0.98871,    -0.14427,   -0.040414],\n",
       "                       [    0.13761,     0.98113,     -0.1358],\n",
       "                       [   0.059244,      0.1287,     0.98991]],\n",
       "              \n",
       "                      [[    0.99697,  -0.0086148,    0.077321],\n",
       "                       [  0.0072815,     0.99982,    0.017509],\n",
       "                       [  -0.077458,   -0.016893,     0.99685]],\n",
       "              \n",
       "                      ...,\n",
       "              \n",
       "                      [[    0.93211,     0.36211,  -0.0065801],\n",
       "                       [   -0.36217,     0.93203,   -0.012128],\n",
       "                       [  0.0017413,    0.013688,      0.9999]],\n",
       "              \n",
       "                      [[    0.97278,     0.22986,    0.029273],\n",
       "                       [   -0.23107,     0.95282,     0.19683],\n",
       "                       [   0.017351,    -0.19824,        0.98]],\n",
       "              \n",
       "                      [[    0.97748,    -0.21091,   0.0074455],\n",
       "                       [    0.21048,     0.97682,    0.039046],\n",
       "                       [  -0.015508,   -0.036599,     0.99921]]],\n",
       "              \n",
       "              \n",
       "                     [[[    0.98805,   -0.027952,    -0.15156],\n",
       "                       [   0.050777,     0.98755,      0.1489],\n",
       "                       [    0.14551,    -0.15481,     0.97717]],\n",
       "              \n",
       "                      [[    0.98872,    -0.14434,   -0.039867],\n",
       "                       [     0.1377,     0.98101,    -0.13661],\n",
       "                       [   0.058829,     0.12958,     0.98982]],\n",
       "              \n",
       "                      [[    0.99701,   -0.008384,    0.076757],\n",
       "                       [  0.0070141,     0.99981,    0.018099],\n",
       "                       [  -0.076895,   -0.017507,     0.99689]],\n",
       "              \n",
       "                      ...,\n",
       "              \n",
       "                      [[    0.93242,     0.36133,  -0.0066044],\n",
       "                       [   -0.36138,     0.93234,   -0.012411],\n",
       "                       [  0.0016731,    0.013959,      0.9999]],\n",
       "              \n",
       "                      [[    0.97281,     0.22973,    0.029308],\n",
       "                       [   -0.23095,     0.95288,     0.19668],\n",
       "                       [   0.017258,     -0.1981,     0.98003]],\n",
       "              \n",
       "                      [[    0.97752,    -0.21072,   0.0074693],\n",
       "                       [    0.21028,     0.97686,    0.039018],\n",
       "                       [  -0.015518,    -0.03657,     0.99921]]],\n",
       "              \n",
       "              \n",
       "                     [[[    0.98811,   -0.028362,     -0.1511],\n",
       "                       [   0.050983,     0.98767,     0.14802],\n",
       "                       [    0.14504,    -0.15396,     0.97737]],\n",
       "              \n",
       "                      [[    0.98873,    -0.14445,   -0.039428],\n",
       "                       [    0.13783,     0.98091,    -0.13718],\n",
       "                       [   0.058491,      0.1302,     0.98976]],\n",
       "              \n",
       "                      [[    0.99705,  -0.0079973,    0.076311],\n",
       "                       [  0.0065224,     0.99979,    0.019556],\n",
       "                       [  -0.076451,   -0.019001,     0.99689]],\n",
       "              \n",
       "                      ...,\n",
       "              \n",
       "                      [[    0.93272,     0.36054,  -0.0067149],\n",
       "                       [    -0.3606,     0.93263,   -0.012928],\n",
       "                       [  0.0016016,    0.014479,     0.99989]],\n",
       "              \n",
       "                      [[    0.97285,     0.22958,    0.029318],\n",
       "                       [    -0.2308,     0.95293,     0.19661],\n",
       "                       [   0.017198,    -0.19804,     0.98004]],\n",
       "              \n",
       "                      [[    0.97752,     -0.2107,   0.0074874],\n",
       "                       [    0.21026,     0.97687,    0.039034],\n",
       "                       [  -0.015539,   -0.036583,     0.99921]]]], dtype=float32),\n",
       "              'poses_root_cam': array([[[[    0.99943,   0.0089751,    0.032598],\n",
       "                       [  0.0098273,    -0.99961,   -0.026076],\n",
       "                       [   0.032351,    0.026382,    -0.99913]]],\n",
       "              \n",
       "              \n",
       "                     [[[    0.99901,   0.0058136,    0.043999],\n",
       "                       [  0.0071562,    -0.99951,   -0.030418],\n",
       "                       [   0.043801,    0.030703,    -0.99857]]],\n",
       "              \n",
       "              \n",
       "                     [[[    0.99865,   0.0059585,    0.051537],\n",
       "                       [  0.0076211,    -0.99945,   -0.032123],\n",
       "                       [   0.051317,    0.032472,    -0.99815]]],\n",
       "              \n",
       "              \n",
       "                     ...,\n",
       "              \n",
       "              \n",
       "                     [[[    0.88042,     0.13449,    -0.45472],\n",
       "                       [   0.075918,    -0.98654,     -0.1448],\n",
       "                       [   -0.46808,    0.092963,    -0.87878]]],\n",
       "              \n",
       "              \n",
       "                     [[[    0.88158,     0.13417,    -0.45256],\n",
       "                       [   0.075923,    -0.98658,    -0.14459],\n",
       "                       [   -0.46588,    0.093105,    -0.87994]]],\n",
       "              \n",
       "              \n",
       "                     [[[    0.88245,     0.13388,    -0.45095],\n",
       "                       [   0.075982,    -0.98662,    -0.14422],\n",
       "                       [   -0.46422,    0.093001,    -0.88082]]]], dtype=float32),\n",
       "              'betas': array([[   0.051262,      1.3038,     0.54995, ...,     0.82974,     0.41301,     0.39519],\n",
       "                     [  0.0068615,      1.3855,     0.75928, ...,      1.1163,     0.58204,     0.63499],\n",
       "                     [  -0.018701,      1.3943,      0.8266, ...,      1.0652,      0.6261,      0.6497],\n",
       "                     ...,\n",
       "                     [   -0.11243,      1.5348,     -0.4452, ...,     0.80925,       1.431,    -0.40421],\n",
       "                     [   -0.11074,      1.5347,    -0.44582, ...,     0.81234,      1.4281,    -0.40291],\n",
       "                     [   -0.10913,      1.5343,    -0.44576, ...,     0.81727,      1.4253,    -0.40088]], dtype=float32),\n",
       "              'verts_cam': array([[[   0.062639,    -0.82923,      2.7989],\n",
       "                      [   0.054496,    -0.81645,      2.7937],\n",
       "                      [   0.067084,    -0.81154,      2.7991],\n",
       "                      ...,\n",
       "                      [  -0.028942,    -0.77571,      2.9167],\n",
       "                      [  -0.029594,    -0.77747,      2.9154],\n",
       "                      [  -0.032935,    -0.77559,      2.9135]],\n",
       "              \n",
       "                     [[   0.063939,    -0.83912,      2.7689],\n",
       "                      [   0.055773,    -0.82621,      2.7641],\n",
       "                      [    0.06861,    -0.82145,      2.7688],\n",
       "                      ...,\n",
       "                      [  -0.019307,    -0.78366,      2.8909],\n",
       "                      [  -0.020065,     -0.7854,      2.8896],\n",
       "                      [  -0.023455,    -0.78351,      2.8879]],\n",
       "              \n",
       "                     [[   0.057965,    -0.84334,      2.8158],\n",
       "                      [   0.049937,    -0.83038,      2.8108],\n",
       "                      [   0.062763,    -0.82569,      2.8156],\n",
       "                      ...,\n",
       "                      [  -0.025685,    -0.78671,      2.9367],\n",
       "                      [   -0.02645,    -0.78845,      2.9354],\n",
       "                      [  -0.029813,    -0.78655,      2.9337]],\n",
       "              \n",
       "                     ...,\n",
       "              \n",
       "                     [[   0.040892,    -0.76364,      2.8324],\n",
       "                      [   0.032892,    -0.74858,      2.8301],\n",
       "                      [   0.046338,    -0.74573,       2.834],\n",
       "                      ...,\n",
       "                      [  -0.029231,    -0.72134,      2.9629],\n",
       "                      [  -0.030136,    -0.72259,      2.9614],\n",
       "                      [   -0.03352,    -0.72022,      2.9604]],\n",
       "              \n",
       "                     [[   0.040143,    -0.76443,      2.8347],\n",
       "                      [   0.032147,    -0.74937,      2.8324],\n",
       "                      [   0.045605,    -0.74652,      2.8363],\n",
       "                      ...,\n",
       "                      [  -0.029643,    -0.72207,      2.9653],\n",
       "                      [  -0.030552,    -0.72332,      2.9638],\n",
       "                      [  -0.033939,    -0.72095,      2.9628]],\n",
       "              \n",
       "                     [[   0.040263,    -0.76495,       2.836],\n",
       "                      [   0.032261,    -0.74989,      2.8337],\n",
       "                      [   0.045733,    -0.74704,      2.8375],\n",
       "                      ...,\n",
       "                      [  -0.029109,    -0.72241,      2.9668],\n",
       "                      [  -0.030024,    -0.72367,      2.9653],\n",
       "                      [  -0.033413,    -0.72129,      2.9643]]], dtype=float32),\n",
       "              'poses_root_world': array([[[    0.99894,   -0.038926,   -0.024443],\n",
       "                      [   0.039139,      0.9992,   0.0082627],\n",
       "                      [   0.024101,  -0.0092107,     0.99967]],\n",
       "              \n",
       "                     [[    0.99923,   -0.038207,  -0.0087239],\n",
       "                      [   0.038267,     0.99924,   0.0068942],\n",
       "                      [  0.0084539,  -0.0072228,     0.99994]],\n",
       "              \n",
       "                     [[    0.99925,   -0.038143,   0.0071221],\n",
       "                      [     0.0381,     0.99926,   0.0060834],\n",
       "                      [ -0.0073489,  -0.0058074,     0.99996]],\n",
       "              \n",
       "                     ...,\n",
       "              \n",
       "                     [[     0.9998,    0.014983,   -0.013142],\n",
       "                      [   -0.01319,     0.99178,     0.12729],\n",
       "                      [   0.014942,    -0.12709,     0.99178]],\n",
       "              \n",
       "                     [[    0.99981,    0.015479,   -0.011937],\n",
       "                      [  -0.013842,     0.99184,     0.12675],\n",
       "                      [   0.013801,    -0.12656,     0.99186]],\n",
       "              \n",
       "                     [[    0.99984,    0.014919,  -0.0096208],\n",
       "                      [  -0.013584,     0.99188,     0.12643],\n",
       "                      [   0.011429,    -0.12628,     0.99193]]], dtype=float32),\n",
       "              'trans_world': array([[ 0.00035708,  0.00027661,    0.001476],\n",
       "                     [-0.00019352,   0.0014242, -0.00090379],\n",
       "                     [  -0.001268,  0.00054602,  0.00010324],\n",
       "                     ...,\n",
       "                     [   -0.19763,   -0.079337,    0.046211],\n",
       "                     [   -0.19714,   -0.079339,    0.046899],\n",
       "                     [    -0.1975,   -0.079393,    0.047604]], dtype=float32),\n",
       "              'frame_id': array([   0,    1,    2, ..., 1025, 1026, 1027])},\n",
       "             'smpl_params': {}})"
      ]
     },
     "execution_count": 8,
     "metadata": {},
     "output_type": "execute_result"
    }
   ],
   "source": [
    "results"
   ]
  },
  {
   "cell_type": "code",
   "execution_count": 5,
   "id": "2f0bba6f",
   "metadata": {},
   "outputs": [],
   "source": [
    "import numpy as np\n",
    "npyfile = np.load('output/demo/tiktok_video/tiktok_video.mp4_output.npz', allow_pickle=True)"
   ]
  },
  {
   "cell_type": "code",
   "execution_count": 6,
   "id": "76b7b609",
   "metadata": {},
   "outputs": [
    {
     "data": {
      "text/plain": [
       "numpy.lib.npyio.NpzFile"
      ]
     },
     "execution_count": 6,
     "metadata": {},
     "output_type": "execute_result"
    }
   ],
   "source": [
    "type(npyfile)"
   ]
  },
  {
   "cell_type": "code",
   "execution_count": 7,
   "id": "2e1757b0",
   "metadata": {},
   "outputs": [
    {
     "data": {
      "text/plain": [
       "['arr_0']"
      ]
     },
     "execution_count": 7,
     "metadata": {},
     "output_type": "execute_result"
    }
   ],
   "source": [
    "npyfile.files"
   ]
  },
  {
   "cell_type": "code",
   "execution_count": null,
   "id": "07d1c9ad",
   "metadata": {},
   "outputs": [],
   "source": [
    "arr = npyfile['arr_0']\n",
    "data = arr.item()"
   ]
  },
  {
   "cell_type": "code",
   "execution_count": 23,
   "id": "fd0893a1",
   "metadata": {},
   "outputs": [
    {
     "data": {
      "text/plain": [
       "dict_keys(['pose', 'trans', 'pose_world', 'trans_world', 'betas', 'verts', 'frame_ids'])"
      ]
     },
     "execution_count": 23,
     "metadata": {},
     "output_type": "execute_result"
    }
   ],
   "source": [
    "data[0].keys()"
   ]
  },
  {
   "cell_type": "code",
   "execution_count": 25,
   "id": "0803cb64",
   "metadata": {},
   "outputs": [
    {
     "data": {
      "text/plain": [
       "(1028, 72)"
      ]
     },
     "execution_count": 25,
     "metadata": {},
     "output_type": "execute_result"
    }
   ],
   "source": [
    "data[0]['pose'].shape"
   ]
  },
  {
   "cell_type": "code",
   "execution_count": 32,
   "id": "cec2085c",
   "metadata": {},
   "outputs": [
    {
     "data": {
      "text/plain": [
       "array([[ 3.10430670e+00,  2.58179065e-02,  8.68467521e-03, ...,\n",
       "        -4.41313498e-02,  4.79955226e-02,  1.34233698e-01],\n",
       "       [ 3.09337044e+00,  2.43225545e-02,  1.05235921e-02, ...,\n",
       "        -1.61161590e-02,  5.71359619e-02,  1.04742683e-01],\n",
       "       [ 3.09216142e+00,  2.26763859e-02,  9.67452489e-03, ...,\n",
       "        -2.22156700e-02,  5.36183491e-02,  1.04706667e-01],\n",
       "       ...,\n",
       "       [ 3.00790381e+00,  2.56031826e-02, -2.80887093e-02, ...,\n",
       "        -1.19120367e-01,  2.91516935e-03,  2.23170727e-01],\n",
       "       [ 3.00983047e+00,  2.21225005e-02, -2.87950635e-02, ...,\n",
       "        -1.19313546e-01,  2.79690675e-03,  2.23183319e-01],\n",
       "       [ 3.00785923e+00,  2.37666853e-02, -2.87496857e-02, ...,\n",
       "        -1.19245097e-01,  2.73671164e-03,  2.23117843e-01]], dtype=float32)"
      ]
     },
     "execution_count": 32,
     "metadata": {},
     "output_type": "execute_result"
    }
   ],
   "source": [
    "data[0]['pose']"
   ]
  },
  {
   "cell_type": "code",
   "execution_count": 26,
   "id": "aba10f78",
   "metadata": {},
   "outputs": [
    {
     "data": {
      "text/plain": [
       "(1028, 3)"
      ]
     },
     "execution_count": 26,
     "metadata": {},
     "output_type": "execute_result"
    }
   ],
   "source": [
    "data[0]['trans'].shape"
   ]
  },
  {
   "cell_type": "code",
   "execution_count": 33,
   "id": "aea47c37",
   "metadata": {},
   "outputs": [
    {
     "data": {
      "text/plain": [
       "array([[-3.1549763e-03,  1.0174209e-01,  2.9434803e+00],\n",
       "       [-4.4638664e-03,  9.7630523e-02,  2.9496882e+00],\n",
       "       [-3.6835670e-03,  9.4866008e-02,  2.9515071e+00],\n",
       "       ...,\n",
       "       [-2.0068111e-03,  6.1925601e-02,  2.9616959e+00],\n",
       "       [ 4.9680565e-04,  6.1555102e-02,  2.9625630e+00],\n",
       "       [-5.5578211e-04,  6.2395584e-02,  2.9601619e+00]], dtype=float32)"
      ]
     },
     "execution_count": 33,
     "metadata": {},
     "output_type": "execute_result"
    }
   ],
   "source": [
    "data[0]['trans']"
   ]
  },
  {
   "cell_type": "code",
   "execution_count": 27,
   "id": "7dc187ce",
   "metadata": {},
   "outputs": [
    {
     "data": {
      "text/plain": [
       "(1028, 72)"
      ]
     },
     "execution_count": 27,
     "metadata": {},
     "output_type": "execute_result"
    }
   ],
   "source": [
    "data[0]['pose_world'].shape"
   ]
  },
  {
   "cell_type": "code",
   "execution_count": 34,
   "id": "6e1f13cf",
   "metadata": {},
   "outputs": [
    {
     "data": {
      "text/plain": [
       "array([[-0.00873989, -0.02428084,  0.03904668, ..., -0.04413135,\n",
       "         0.04799552,  0.1342337 ],\n",
       "       [-0.00710643, -0.01194703,  0.03784791, ..., -0.01611616,\n",
       "         0.05713596,  0.10474268],\n",
       "       [-0.00610429, -0.00110917,  0.03762678, ..., -0.02221567,\n",
       "         0.05361835,  0.10470667],\n",
       "       ...,\n",
       "       [-0.13060938, -0.1451204 , -0.0374909 , ..., -0.11912037,\n",
       "         0.00291517,  0.22317073],\n",
       "       [-0.1300039 , -0.14052989, -0.03673577, ..., -0.11931355,\n",
       "         0.00279691,  0.22318332],\n",
       "       [-0.12944983, -0.13887677, -0.03629419, ..., -0.1192451 ,\n",
       "         0.00273671,  0.22311784]], dtype=float32)"
      ]
     },
     "execution_count": 34,
     "metadata": {},
     "output_type": "execute_result"
    }
   ],
   "source": [
    "data[0]['pose_world']"
   ]
  },
  {
   "cell_type": "code",
   "execution_count": 28,
   "id": "ed6daa38",
   "metadata": {},
   "outputs": [
    {
     "data": {
      "text/plain": [
       "(1028, 3)"
      ]
     },
     "execution_count": 28,
     "metadata": {},
     "output_type": "execute_result"
    }
   ],
   "source": [
    "data[0]['trans_world'].shape"
   ]
  },
  {
   "cell_type": "code",
   "execution_count": 35,
   "id": "678d7f04",
   "metadata": {},
   "outputs": [
    {
     "data": {
      "text/plain": [
       "array([[ 0.00035708,  0.00027661,  0.00147601],\n",
       "       [ 0.00013879,  0.00115723, -0.00107538],\n",
       "       [ 0.00162879,  0.0004822 ,  0.00013783],\n",
       "       ...,\n",
       "       [ 0.020224  , -0.10343221,  0.09796742],\n",
       "       [ 0.02067834, -0.10347527,  0.09917352],\n",
       "       [ 0.01998537, -0.10344414,  0.09932565]], dtype=float32)"
      ]
     },
     "execution_count": 35,
     "metadata": {},
     "output_type": "execute_result"
    }
   ],
   "source": [
    "data[0]['trans_world']"
   ]
  },
  {
   "cell_type": "code",
   "execution_count": 29,
   "id": "6cacd4eb",
   "metadata": {},
   "outputs": [
    {
     "data": {
      "text/plain": [
       "(1028, 10)"
      ]
     },
     "execution_count": 29,
     "metadata": {},
     "output_type": "execute_result"
    }
   ],
   "source": [
    "data[0]['betas'].shape"
   ]
  },
  {
   "cell_type": "code",
   "execution_count": 36,
   "id": "8f702db0",
   "metadata": {},
   "outputs": [
    {
     "data": {
      "text/plain": [
       "array([[ 0.05011236,  1.3054744 ,  0.54989946, ...,  0.83006734,\n",
       "         0.41350502,  0.3950795 ],\n",
       "       [ 0.00448683,  1.3873546 ,  0.7589375 , ...,  1.1162362 ,\n",
       "         0.58239925,  0.6346429 ],\n",
       "       [-0.02101943,  1.3960319 ,  0.82615495, ...,  1.0651929 ,\n",
       "         0.6264393 ,  0.6493278 ],\n",
       "       ...,\n",
       "       [-0.11226956,  1.5354526 , -0.44505608, ...,  0.80958915,\n",
       "         1.4308169 , -0.40353408],\n",
       "       [-0.11057475,  1.5349349 , -0.4453251 , ...,  0.8126358 ,\n",
       "         1.4279759 , -0.40228727],\n",
       "       [-0.10938658,  1.5348129 , -0.44560805, ...,  0.8175827 ,\n",
       "         1.4252038 , -0.40021837]], dtype=float32)"
      ]
     },
     "execution_count": 36,
     "metadata": {},
     "output_type": "execute_result"
    }
   ],
   "source": [
    "data[0]['betas']"
   ]
  },
  {
   "cell_type": "code",
   "execution_count": 30,
   "id": "b09ce25f",
   "metadata": {},
   "outputs": [
    {
     "data": {
      "text/plain": [
       "(1028, 6890, 3)"
      ]
     },
     "execution_count": 30,
     "metadata": {},
     "output_type": "execute_result"
    }
   ],
   "source": [
    "data[0]['verts'].shape"
   ]
  },
  {
   "cell_type": "code",
   "execution_count": 37,
   "id": "56326ab7",
   "metadata": {},
   "outputs": [
    {
     "data": {
      "text/plain": [
       "array([[[ 0.10109337, -0.8215879 ,  2.8593767 ],\n",
       "        [ 0.09375943, -0.8091383 ,  2.8525677 ],\n",
       "        [ 0.10402708, -0.8037684 ,  2.861212  ],\n",
       "        ...,\n",
       "        [-0.0221397 , -0.7776518 ,  2.950365  ],\n",
       "        [-0.0222862 , -0.7794163 ,  2.9488723 ],\n",
       "        [-0.02516863, -0.7776265 ,  2.9462178 ]],\n",
       "\n",
       "       [[ 0.10466614, -0.8284809 ,  2.868008  ],\n",
       "        [ 0.09725356, -0.8161319 ,  2.8610234 ],\n",
       "        [ 0.10730888, -0.81058997,  2.869707  ],\n",
       "        ...,\n",
       "        [-0.01876287, -0.7847609 ,  2.957955  ],\n",
       "        [-0.01889466, -0.7865309 ,  2.9564764 ],\n",
       "        [-0.02178026, -0.784821  ,  2.9538124 ]],\n",
       "\n",
       "       [[ 0.10207643, -0.8311205 ,  2.8700044 ],\n",
       "        [ 0.09470311, -0.8186982 ,  2.8630264 ],\n",
       "        [ 0.10479423, -0.81321275,  2.8717144 ],\n",
       "        ...,\n",
       "        [-0.0207044 , -0.7868397 ,  2.9603195 ],\n",
       "        [-0.02085273, -0.78860503,  2.9588413 ],\n",
       "        [-0.02373741, -0.78688014,  2.9561875 ]],\n",
       "\n",
       "       ...,\n",
       "\n",
       "       [[ 0.05205362, -0.77223754,  2.8922532 ],\n",
       "        [ 0.04492602, -0.7574856 ,  2.8877525 ],\n",
       "        [ 0.05622378, -0.75436735,  2.89554   ],\n",
       "        ...,\n",
       "        [-0.05485339, -0.73247516,  2.996002  ],\n",
       "        [-0.05513956, -0.7339214 ,  2.994301  ],\n",
       "        [-0.05807452, -0.73162293,  2.9922202 ]],\n",
       "\n",
       "       [[ 0.04990629, -0.7731278 ,  2.8923707 ],\n",
       "        [ 0.04289675, -0.75830996,  2.8879025 ],\n",
       "        [ 0.05424749, -0.7552966 ,  2.8956563 ],\n",
       "        ...,\n",
       "        [-0.05633583, -0.73249567,  2.996472  ],\n",
       "        [-0.05664058, -0.733938  ,  2.9947708 ],\n",
       "        [-0.05956123, -0.73161244,  2.9927003 ]],\n",
       "\n",
       "       [[ 0.05105408, -0.7722484 ,  2.891858  ],\n",
       "        [ 0.04398361, -0.7574694 ,  2.8873494 ],\n",
       "        [ 0.05531628, -0.7543899 ,  2.8951027 ],\n",
       "        ...,\n",
       "        [-0.05542651, -0.7318243 ,  2.9957933 ],\n",
       "        [-0.05572369, -0.7332717 ,  2.9940948 ],\n",
       "        [-0.05865303, -0.73096406,  2.9920175 ]]], dtype=float32)"
      ]
     },
     "execution_count": 37,
     "metadata": {},
     "output_type": "execute_result"
    }
   ],
   "source": [
    "data[0]['verts']"
   ]
  },
  {
   "cell_type": "code",
   "execution_count": null,
   "id": "14b97af3",
   "metadata": {},
   "outputs": [],
   "source": []
  }
 ],
 "metadata": {
  "kernelspec": {
   "display_name": "detr",
   "language": "python",
   "name": "python3"
  },
  "language_info": {
   "codemirror_mode": {
    "name": "ipython",
    "version": 3
   },
   "file_extension": ".py",
   "mimetype": "text/x-python",
   "name": "python",
   "nbconvert_exporter": "python",
   "pygments_lexer": "ipython3",
   "version": "3.9.21"
  }
 },
 "nbformat": 4,
 "nbformat_minor": 5
}
